3184
5280
6355
5647
2954
5530
5091
3051
4475
4770
4768
4801
6188
4846
5667
4738
4923
5027
4882
3091
4894
4618
5794
4512
4880
6080
4695
4699
6515
4964
3973
6322
4569
6391
4687
4508
4660
4549
4730
5309
6017
5551
4587
4609
5451
4388
6045
5319
5703
6827
6323
5733
5329
5460
4854
4772
4865
5047
5423
4464
4278
4590
6084
4139
5586
3772
5373
8962
5120
5149
4580
6526
5439
9438
6791
5746
4608
3069
6405
4639
2957
3307
5113
5132
4593
5192
6451
6697
2357
5250
7140
3356
7582
4840
4726
6779
6316
4494
6641
6396
